[Mara B.jpg]
filters=tilt=1,0.003953,0.000000;
moddate=6e2a458a7bf6c901
width=2310
height=1350
textactive=0
